=========================================================================================================
  PHASE 2 (Least Square Method) - MODAL PARAMETERS AND DERIVED FREQUENCIES
=========================================================================================================
   Acc 1    4.85e+02    3.15e+04      8.0547    0.0022    1.32e+04
   Acc 2    1.53e+02    9.96e+03      8.0581    0.0019    5.81e+01
   Acc 3    8.59e+01    5.58e+03      8.0594    0.0019    6.53e+00
   Acc 4    6.43e+01    4.18e+03      8.0595    0.0019    3.37e+00
   Acc 5    2.06e+01    1.34e+03      8.0607    0.0018    1.67e+00
   Acc 6    4.69e+01    3.05e+03      8.0600    0.0019    3.64e+00
   Acc 1    1.28e+03    1.66e+05     11.3866    0.0024    1.14e+06
   Acc 2    4.60e+02    5.98e+04     11.4007    0.0014    5.26e+03
   Acc 3    2.88e+02    3.75e+04     11.4054    0.0012    8.91e+03
   Acc 4    2.48e+02    3.23e+04     11.4073    0.0012    1.14e+04
   Acc 5   -2.40e+01   -3.12e+03     11.4033   -0.0012    3.31e+01
   Acc 6    6.71e+01    8.74e+03     11.4087    0.0012    1.19e+03
   Acc 1    3.70e+02    7.50e+04     14.2334    0.0008    3.91e+04
   Acc 2    1.30e+02    2.64e+04     14.2397    0.0008    2.20e+02
   Acc 3    8.54e+01    1.73e+04     14.2415    0.0007    3.74e+01
   Acc 4    8.44e+01    1.71e+04     14.2423    0.0008    8.71e+01
   Acc 5   -4.65e+01   -9.44e+03     14.2415   -0.0007    1.22e+01
   Acc 6   -2.04e+01   -4.13e+03     14.2400   -0.0008    4.08e+00
   Acc 1    2.01e+01    1.59e+04     28.1094   -0.0003    1.14e+02
   Acc 2    8.78e+00    6.94e+03     28.1106   -0.0003    1.43e+01
   Acc 3    2.40e+01    1.90e+04     28.1112   -0.0003    8.07e+01
   Acc 4   -1.41e+01   -1.11e+04     28.1105    0.0003    3.85e+01
   Acc 5    5.00e+01    3.95e+04     28.1104   -0.0003    4.99e+02
   Acc 6    4.78e+01    3.78e+04     28.1102   -0.0003    5.37e+02
   Acc 1    1.70e+01    3.05e+04     42.3758    0.0028    3.59e+01
   Acc 2    1.98e+01    3.54e+04     42.3569    0.0027    1.62e+02
   Acc 3   -8.35e+00   -1.50e+04     42.3665   -0.0027    1.09e+01
   Acc 4    2.31e+01    4.14e+04     42.3676    0.0027    7.37e+01
   Acc 5   -1.52e+02   -2.72e+05     42.3684   -0.0027    3.39e+03
   Acc 6   -1.60e+02   -2.87e+05     42.3676   -0.0027    4.67e+03
   Acc 1    4.08e+00    1.19e+04     54.0024   -0.0021    1.05e+01
   Acc 2   -6.31e+00   -1.84e+04     54.0015    0.0021    2.59e+01
   Acc 3    1.46e+01    4.27e+04     54.0001   -0.0021    1.41e+02
   Acc 4   -7.41e+01   -2.16e+05     53.9998    0.0021    3.43e+03
   Acc 5    7.45e+01    2.20e+05     54.3787   -0.0103    5.35e+07
   Acc 6    4.79e+02    1.40e+06     54.0024   -0.0022    3.67e+05
